10 1023
0 0 512
0 1 512
0 2 513
0 3 513
0 4 514
0 5 514
0 6 515
0 7 515
0 8 516
0 9 516
0 10 517
0 11 517
0 12 518
0 13 518
0 14 519
0 15 519
0 16 520
0 17 520
0 18 521
0 19 521
0 20 522
0 21 522
0 22 523
0 23 523
0 24 524
0 25 524
0 26 525
0 27 525
0 28 526
0 29 526
0 30 527
0 31 527
0 32 528
0 33 528
0 34 529
0 35 529
0 36 530
0 37 530
0 38 531
0 39 531
0 40 532
0 41 532
0 42 533
0 43 533
0 44 534
0 45 534
0 46 535
0 47 535
0 48 536
0 49 536
0 50 537
0 51 537
0 52 538
0 53 538
0 54 539
0 55 539
0 56 540
0 57 540
0 58 541
0 59 541
0 60 542
0 61 542
0 62 543
0 63 543
0 64 544
0 65 544
0 66 545
0 67 545
0 68 546
0 69 546
0 70 547
0 71 547
0 72 548
0 73 548
0 74 549
0 75 549
0 76 550
0 77 550
0 78 551
0 79 551
0 80 552
0 81 552
0 82 553
0 83 553
0 84 554
0 85 554
0 86 555
0 87 555
0 88 556
0 89 556
0 90 557
0 91 557
0 92 558
0 93 558
0 94 559
0 95 559
0 96 560
0 97 560
0 98 561
0 99 561
0 100 562
0 101 562
0 102 563
0 103 563
0 104 564
0 105 564
0 106 565
0 107 565
0 108 566
0 109 566
0 110 567
0 111 567
0 112 568
0 113 568
0 114 569
0 115 569
0 116 570
0 117 570
0 118 571
0 119 571
0 120 572
0 121 572
0 122 573
0 123 573
0 124 574
0 125 574
0 126 575
0 127 575
0 128 576
0 129 576
0 130 577
0 131 577
0 132 578
0 133 578
0 134 579
0 135 579
0 136 580
0 137 580
0 138 581
0 139 581
0 140 582
0 141 582
0 142 583
0 143 583
0 144 584
0 145 584
0 146 585
0 147 585
0 148 586
0 149 586
0 150 587
0 151 587
0 152 588
0 153 588
0 154 589
0 155 589
0 156 590
0 157 590
0 158 591
0 159 591
0 160 592
0 161 592
0 162 593
0 163 593
0 164 594
0 165 594
0 166 595
0 167 595
0 168 596
0 169 596
0 170 597
0 171 597
0 172 598
0 173 598
0 174 599
0 175 599
0 176 600
0 177 600
0 178 601
0 179 601
0 180 602
0 181 602
0 182 603
0 183 603
0 184 604
0 185 604
0 186 605
0 187 605
0 188 606
0 189 606
0 190 607
0 191 607
0 192 608
0 193 608
0 194 609
0 195 609
0 196 610
0 197 610
0 198 611
0 199 611
0 200 612
0 201 612
0 202 613
0 203 613
0 204 614
0 205 614
0 206 615
0 207 615
0 208 616
0 209 616
0 210 617
0 211 617
0 212 618
0 213 618
0 214 619
0 215 619
0 216 620
0 217 620
0 218 621
0 219 621
0 220 622
0 221 622
0 222 623
0 223 623
0 224 624
0 225 624
0 226 625
0 227 625
0 228 626
0 229 626
0 230 627
0 231 627
0 232 628
0 233 628
0 234 629
0 235 629
0 236 630
0 237 630
0 238 631
0 239 631
0 240 632
0 241 632
0 242 633
0 243 633
0 244 634
0 245 634
0 246 635
0 247 635
0 248 636
0 249 636
0 250 637
0 251 637
0 252 638
0 253 638
0 254 639
0 255 639
0 256 640
0 257 640
0 258 641
0 259 641
0 260 642
0 261 642
0 262 643
0 263 643
0 264 644
0 265 644
0 266 645
0 267 645
0 268 646
0 269 646
0 270 647
0 271 647
0 272 648
0 273 648
0 274 649
0 275 649
0 276 650
0 277 650
0 278 651
0 279 651
0 280 652
0 281 652
0 282 653
0 283 653
0 284 654
0 285 654
0 286 655
0 287 655
0 288 656
0 289 656
0 290 657
0 291 657
0 292 658
0 293 658
0 294 659
0 295 659
0 296 660
0 297 660
0 298 661
0 299 661
0 300 662
0 301 662
0 302 663
0 303 663
0 304 664
0 305 664
0 306 665
0 307 665
0 308 666
0 309 666
0 310 667
0 311 667
0 312 668
0 313 668
0 314 669
0 315 669
0 316 670
0 317 670
0 318 671
0 319 671
0 320 672
0 321 672
0 322 673
0 323 673
0 324 674
0 325 674
0 326 675
0 327 675
0 328 676
0 329 676
0 330 677
0 331 677
0 332 678
0 333 678
0 334 679
0 335 679
0 336 680
0 337 680
0 338 681
0 339 681
0 340 682
0 341 682
0 342 683
0 343 683
0 344 684
0 345 684
0 346 685
0 347 685
0 348 686
0 349 686
0 350 687
0 351 687
0 352 688
0 353 688
0 354 689
0 355 689
0 356 690
0 357 690
0 358 691
0 359 691
0 360 692
0 361 692
0 362 693
0 363 693
0 364 694
0 365 694
0 366 695
0 367 695
0 368 696
0 369 696
0 370 697
0 371 697
0 372 698
0 373 698
0 374 699
0 375 699
0 376 700
0 377 700
0 378 701
0 379 701
0 380 702
0 381 702
0 382 703
0 383 703
0 384 704
0 385 704
0 386 705
0 387 705
0 388 706
0 389 706
0 390 707
0 391 707
0 392 708
0 393 708
0 394 709
0 395 709
0 396 710
0 397 710
0 398 711
0 399 711
0 400 712
0 401 712
0 402 713
0 403 713
0 404 714
0 405 714
0 406 715
0 407 715
0 408 716
0 409 716
0 410 717
0 411 717
0 412 718
0 413 718
0 414 719
0 415 719
0 416 720
0 417 720
0 418 721
0 419 721
0 420 722
0 421 722
0 422 723
0 423 723
0 424 724
0 425 724
0 426 725
0 427 725
0 428 726
0 429 726
0 430 727
0 431 727
0 432 728
0 433 728
0 434 729
0 435 729
0 436 730
0 437 730
0 438 731
0 439 731
0 440 732
0 441 732
0 442 733
0 443 733
0 444 734
0 445 734
0 446 735
0 447 735
0 448 736
0 449 736
0 450 737
0 451 737
0 452 738
0 453 738
0 454 739
0 455 739
0 456 740
0 457 740
0 458 741
0 459 741
0 460 742
0 461 742
0 462 743
0 463 743
0 464 744
0 465 744
0 466 745
0 467 745
0 468 746
0 469 746
0 470 747
0 471 747
0 472 748
0 473 748
0 474 749
0 475 749
0 476 750
0 477 750
0 478 751
0 479 751
0 480 752
0 481 752
0 482 753
0 483 753
0 484 754
0 485 754
0 486 755
0 487 755
0 488 756
0 489 756
0 490 757
0 491 757
0 492 758
0 493 758
0 494 759
0 495 759
0 496 760
0 497 760
0 498 761
0 499 761
0 500 762
0 501 762
0 502 763
0 503 763
0 504 764
0 505 764
0 506 765
0 507 765
0 508 766
0 509 766
0 510 767
0 511 767
1 0 768
1 1 768
1 2 769
1 3 769
1 4 770
1 5 770
1 6 771
1 7 771
1 8 772
1 9 772
1 10 773
1 11 773
1 12 774
1 13 774
1 14 775
1 15 775
1 16 776
1 17 776
1 18 777
1 19 777
1 20 778
1 21 778
1 22 779
1 23 779
1 24 780
1 25 780
1 26 781
1 27 781
1 28 782
1 29 782
1 30 783
1 31 783
1 32 784
1 33 784
1 34 785
1 35 785
1 36 786
1 37 786
1 38 787
1 39 787
1 40 788
1 41 788
1 42 789
1 43 789
1 44 790
1 45 790
1 46 791
1 47 791
1 48 792
1 49 792
1 50 793
1 51 793
1 52 794
1 53 794
1 54 795
1 55 795
1 56 796
1 57 796
1 58 797
1 59 797
1 60 798
1 61 798
1 62 799
1 63 799
1 64 800
1 65 800
1 66 801
1 67 801
1 68 802
1 69 802
1 70 803
1 71 803
1 72 804
1 73 804
1 74 805
1 75 805
1 76 806
1 77 806
1 78 807
1 79 807
1 80 808
1 81 808
1 82 809
1 83 809
1 84 810
1 85 810
1 86 811
1 87 811
1 88 812
1 89 812
1 90 813
1 91 813
1 92 814
1 93 814
1 94 815
1 95 815
1 96 816
1 97 816
1 98 817
1 99 817
1 100 818
1 101 818
1 102 819
1 103 819
1 104 820
1 105 820
1 106 821
1 107 821
1 108 822
1 109 822
1 110 823
1 111 823
1 112 824
1 113 824
1 114 825
1 115 825
1 116 826
1 117 826
1 118 827
1 119 827
1 120 828
1 121 828
1 122 829
1 123 829
1 124 830
1 125 830
1 126 831
1 127 831
1 128 832
1 129 832
1 130 833
1 131 833
1 132 834
1 133 834
1 134 835
1 135 835
1 136 836
1 137 836
1 138 837
1 139 837
1 140 838
1 141 838
1 142 839
1 143 839
1 144 840
1 145 840
1 146 841
1 147 841
1 148 842
1 149 842
1 150 843
1 151 843
1 152 844
1 153 844
1 154 845
1 155 845
1 156 846
1 157 846
1 158 847
1 159 847
1 160 848
1 161 848
1 162 849
1 163 849
1 164 850
1 165 850
1 166 851
1 167 851
1 168 852
1 169 852
1 170 853
1 171 853
1 172 854
1 173 854
1 174 855
1 175 855
1 176 856
1 177 856
1 178 857
1 179 857
1 180 858
1 181 858
1 182 859
1 183 859
1 184 860
1 185 860
1 186 861
1 187 861
1 188 862
1 189 862
1 190 863
1 191 863
1 192 864
1 193 864
1 194 865
1 195 865
1 196 866
1 197 866
1 198 867
1 199 867
1 200 868
1 201 868
1 202 869
1 203 869
1 204 870
1 205 870
1 206 871
1 207 871
1 208 872
1 209 872
1 210 873
1 211 873
1 212 874
1 213 874
1 214 875
1 215 875
1 216 876
1 217 876
1 218 877
1 219 877
1 220 878
1 221 878
1 222 879
1 223 879
1 224 880
1 225 880
1 226 881
1 227 881
1 228 882
1 229 882
1 230 883
1 231 883
1 232 884
1 233 884
1 234 885
1 235 885
1 236 886
1 237 886
1 238 887
1 239 887
1 240 888
1 241 888
1 242 889
1 243 889
1 244 890
1 245 890
1 246 891
1 247 891
1 248 892
1 249 892
1 250 893
1 251 893
1 252 894
1 253 894
1 254 895
1 255 895
2 0 896
2 1 896
2 2 897
2 3 897
2 4 898
2 5 898
2 6 899
2 7 899
2 8 900
2 9 900
2 10 901
2 11 901
2 12 902
2 13 902
2 14 903
2 15 903
2 16 904
2 17 904
2 18 905
2 19 905
2 20 906
2 21 906
2 22 907
2 23 907
2 24 908
2 25 908
2 26 909
2 27 909
2 28 910
2 29 910
2 30 911
2 31 911
2 32 912
2 33 912
2 34 913
2 35 913
2 36 914
2 37 914
2 38 915
2 39 915
2 40 916
2 41 916
2 42 917
2 43 917
2 44 918
2 45 918
2 46 919
2 47 919
2 48 920
2 49 920
2 50 921
2 51 921
2 52 922
2 53 922
2 54 923
2 55 923
2 56 924
2 57 924
2 58 925
2 59 925
2 60 926
2 61 926
2 62 927
2 63 927
2 64 928
2 65 928
2 66 929
2 67 929
2 68 930
2 69 930
2 70 931
2 71 931
2 72 932
2 73 932
2 74 933
2 75 933
2 76 934
2 77 934
2 78 935
2 79 935
2 80 936
2 81 936
2 82 937
2 83 937
2 84 938
2 85 938
2 86 939
2 87 939
2 88 940
2 89 940
2 90 941
2 91 941
2 92 942
2 93 942
2 94 943
2 95 943
2 96 944
2 97 944
2 98 945
2 99 945
2 100 946
2 101 946
2 102 947
2 103 947
2 104 948
2 105 948
2 106 949
2 107 949
2 108 950
2 109 950
2 110 951
2 111 951
2 112 952
2 113 952
2 114 953
2 115 953
2 116 954
2 117 954
2 118 955
2 119 955
2 120 956
2 121 956
2 122 957
2 123 957
2 124 958
2 125 958
2 126 959
2 127 959
3 0 960
3 1 960
3 2 961
3 3 961
3 4 962
3 5 962
3 6 963
3 7 963
3 8 964
3 9 964
3 10 965
3 11 965
3 12 966
3 13 966
3 14 967
3 15 967
3 16 968
3 17 968
3 18 969
3 19 969
3 20 970
3 21 970
3 22 971
3 23 971
3 24 972
3 25 972
3 26 973
3 27 973
3 28 974
3 29 974
3 30 975
3 31 975
3 32 976
3 33 976
3 34 977
3 35 977
3 36 978
3 37 978
3 38 979
3 39 979
3 40 980
3 41 980
3 42 981
3 43 981
3 44 982
3 45 982
3 46 983
3 47 983
3 48 984
3 49 984
3 50 985
3 51 985
3 52 986
3 53 986
3 54 987
3 55 987
3 56 988
3 57 988
3 58 989
3 59 989
3 60 990
3 61 990
3 62 991
3 63 991
4 0 992
4 1 992
4 2 993
4 3 993
4 4 994
4 5 994
4 6 995
4 7 995
4 8 996
4 9 996
4 10 997
4 11 997
4 12 998
4 13 998
4 14 999
4 15 999
4 16 1000
4 17 1000
4 18 1001
4 19 1001
4 20 1002
4 21 1002
4 22 1003
4 23 1003
4 24 1004
4 25 1004
4 26 1005
4 27 1005
4 28 1006
4 29 1006
4 30 1007
4 31 1007
5 0 1008
5 1 1008
5 2 1009
5 3 1009
5 4 1010
5 5 1010
5 6 1011
5 7 1011
5 8 1012
5 9 1012
5 10 1013
5 11 1013
5 12 1014
5 13 1014
5 14 1015
5 15 1015
6 0 1016
6 1 1016
6 2 1017
6 3 1017
6 4 1018
6 5 1018
6 6 1019
6 7 1019
7 0 1020
7 1 1020
7 2 1021
7 3 1021
8 0 1022
8 1 1022
9 0 -1
